614

DIDASCALIA.

VI. 122

Vl, 18, 1
11, 6, 1
11, 87, 8
11, 36, 2
VI, 18, 15

111, 18, 3
ΙΙ, 17, 4
111, 7, 2
111, ¹7. 7

ΙΝΒΚΧ Locomm.

nummus,
19, 4—6
19, 14
19, 17·
19, 19·
19, 19
19, 91
20, 16
9ο, 95·
9ο, 95-99
91, 19
91, 91
91, 99·
91, 99. 99·
91, 95. 99
91, 49·
91, 49
91, 45
99, 1ο
22. 19
99, 91
99, 99·
99, 91. 99
99, 9
99, 15-99
99, 19-99
99, 95
99, 97·
99, 99
94, 11-19
94, 11. 24
94, 12. 24
24, 9ο
25.
95, 99
95, 9ο
95, 94-40. 45
95, 95. 95·
95, 41
95·
95, 5
95, 6·
95, 15. 15
95, 15
95, 91-99
95, 99

CONSTITUTION
v1, 14, 3. 4
Vl, 15, 7

11‚6,1
v‚1,4

11, 20, 11
111, 19, 8. 4
ΙΙ, 17, 4

111, ⁷, 5
v, 15, 9
v, 16, 9
v, 16, 10
V, 16, 4. 9

11,56,8
V,⁸‚7
11‚46,1
v1,6,2
Vl,⁸o,4
11,8‚.⁹‚
v‚12,6

V, 16, 9
11, 9ο, 9
v1, 5, 4
v1, 19, 9
w, 18, 9

'VL 80. 8

11,13,8

v, 1, 6-8

1v, 91

v, 4, 1

11, 24, 4; 49, 9

V, 14, 5

V, 14, 8

