mnu mcontm. 609

εΑιιΑ. umus.. cons'rlw'nousss
52, ιο
52, 11 V, 4, 3
58, 1 v, ι5, 4
58, 2-5. 9. 12
53, 4 11, 25, 10
58, ιι ιιι, ι9, 1
53, 12 ῙῙ, 25, 113 V, 14, 15; 19, 1
54, 14 lv, 7, 8
55, ιο v1, 18, 9
ηι ῑαε
57, 1. 2
57, 12
57, 21 v1, 18, 8
58, 4. 5·

1; 58, 6 58, 5 11, 58, 7
58, 7 111, 4, 5
58, 9 111, 7, 5
58, ι8
59, 7. 8 ιι, 21, 4
5ι, 2. 8
62, 11 11, 14, 10
58, ιο V, ι5, ι
58, ι8 v1‚ 20, 6
64, 7 V, 7, 22
55, ι. 2. 8 v, ι5, 2. 4

4, 24 55, 2 11, 1, 5
66, 5. 10
55, 24· v, 7, 7

mamm&

1, 5 V, 7, 20
1, 11

2, 10. 11 11, 60, 5
2, 11 ΙΙ, 60, 5
8, ιι 11, 60, 5
8, ι5

3, 22 ΙΙ, 14, 2
4, 1. 2

4, 3. 4

4, 4 VI. 14, 5
5, 7 V, 11, 2
5, 20 v1, 22, 2
7, ι5 IV, 6, '8
7, 21. 22 vl, 22, 2

8. 4. 5 11, 14, 2
unse. m· Consu-r. ΑΡ. 1. 39

