622 mnssx Locomnt.

DIDASCALIA. 1. mom. CONSTthmONEs
11, 1, 1; 18, 6; 24, 4 3, 2 Π, 1, 1; 18, 6; 24, 7
11, 2, 2 8, 2. 4 Π, 2, 2
Π, 2, 1 8, 2--6 11, 2, 1
3, 2. 12* VI, 17, 1
3, 6 111, 2, 3
11, 6, 1; ΙΠ, 13, 1 8, 8 11, 6, 1
3, 15 111, 16, 3
4, 4 VI, 10, 2; 11, 5
111, 6, 23 7, 6 6, 5· 111, 5, 2; 7, 6
ΠΙ, 7, 6 δ, 7’ 111, 7, 6
111, ι, 1 5, 9 111, 1, 1; VI, 17, 4
5, 10 111, 3, 1
5, 11 ῙῙῙ, 1, 2
III, 5, 1 5, 13* ΙΙΙ, δ, 1
6, 14· 111, 2, 8
IV, 2, 2 5, 16 ῙῙ, 63, 1; Π, 2, 2
Π, 28, 4 ὕ, 17‘ ῙῘ, 28, 4
6, 2⁸ IV, 12, Β
6, 9 111, 2, 8
V, 6, 3 6, 11 1, 6, 10;11,37,4; 47,1;⁶2
V, 3, 4; 12, 5;v1.1
6, 12 v, 6, 4
6, 16 VI, 11, 1
11 '1'110'1'11
2, 6 11, 14, 6
11, 4, 1 2, 15 11, 4, 1; 44, 13 111. 19,
2, 19 ῙῙ, 54, 2
8, 4· VI, 28, 8
lv, 11, 4 3, 15 lv, 11, 4
V,4,2;V1,23‚8 4,1 V,20,2
4, 10 V, 6, 3
TITUS.
1, 6 v1, 17, 1
II, 1, 1 1, 6. 7⁶ 11, 1, 1
11,6,1;24,4 1 7 11,6,1;24,7;111‚s,2
mmmm
4, 14 Π, 25, 7; V, 6, 10
5, 4 ῙΠ, 10, 2
5, 5. 6 11, 27, 4
6 6* · VI, 15, 4
v1, 28, 8 6, 1 Ἦ, so, 9
11, 6· V, 6, 10

