610

DIDASCALIA.

11, 62, 2; v, 12, 1

11, 60, 6
11, 23, 2

v, 12, 2
11, 23, 2
11. 14, 4
11, 60, 5

11, 14, 14—28

lv, 6, 6
vx, 16, 6
v1, 16, 6. 8
11, 6, 7- ιο

11, 6, 13-15
11, 12, 2; 20, 5. 6

11, 15, 4-7

mnssx mconuu.

munus·

10, 2
12, 7
12, 8
12, 10
15, 1
15, 17
15, 19
17, 12
23, 16
23, 29
24, 9
26, 2. 8
28, 18

mul.
4, 20

BARucn.
3, 35-37
4, 4

Ezncmsst..
3, 11
6, 7
6, 14
8, 14·
8, 16— 18
14, 3. 11
14, 12—14
14, 13. 14
16, 47
16, 61. 62
18, 1-32
13, 2-5. 3-11. 13. 13.
2ο. 24. 27. 28. 3ο
16, 6
16, 17·
13, 2ο
20, 10. 11
20, 26
33, 1-6
33, 2-6
33, 7-3
33, 10. 11
33, 11
33, 12—20

cousrrrtmom

11, 62, 2; V, 12, 1
vl, 6, 2

, 14, 12

11, 16, 4

IV, 6, 8

11, 61, 2

11, 66, 4

vl, 6, 3

Vl, 5, 1

