600 mmzx ιοοοιιυι.

D1DASCAL1A. mm. CONSTITUTmNEs„
26, 26 11, 62, 2
1, 2, 1; ιο, 12, v1, 21, 9 24, 9 1, 2, 1; 111, 14, 4
24, 17 VI, 11. 10
VI, 1, 4 25·
25, 6* v, 12, 2
ΒΕΠΤΕΒΟΝΟΙῙΙΙΙ.
11, 42, 1; 51, 1 1, 16
11, 42, 1 1, 17 11, 5, 2; 9, 2; 16, 5, 41, 9
11, 26, 2 4, 16· 11, 26, 2
v, 12, 1 4, 19 v, 12, 1
71, 16, 17 5, 14
5, 61 11, 57, 6
’ 11, 6, 17 6, 4 11, 6, 15, VI, 2ο,1ο; 26, 1
11, 66, 2 6, 5 1¹, 36, 1³ 20, ¹0
6, 6. 7 71, 26, 6
6, 7 1, 4, 2
10, 2ο· 71, 26, 4
12, 16..14· vl, 24, 4
11, 42, 1 16. 18
11, 42, 1 16, 19 11, 42, 1
16, 2ο 11, 5, 2; 9, 2; 47, 6
vl, 19, 2 17, 6·
17, 7 11, 9, 6; 41, 6
16, ιο. 11 11, 62, 1
11, 14, 2 16, 16. 44· 11, 14, 12
18, 15· 11, 6ο, 2
16, 15. 19 v, 2ο, 6
19, 16 11, 42, 6
19, 14 1, 1, 6
11, 66, 1. 2 19, 15 11, 49, 2
11, 47, 2 19, 17 11, 47, 2
19, 19 11, 42, 5
71, 16, 10 21, 22. 26
71, 16, 7; 19, 6; 21, 9 21, 26
71, 19, 2 22, 21. 24·
22, 22 71, 26, 4
26, 7 11, 56, 6
26, 17. 16 71, 26, 4
lv, 7,1’ 26, 16 111,8,2;1V,6.1;7,1
11, 14, 4 24, 16 11, 14, 9
1¹, 25, 4 25, 4 11, 25, 4
71, 16, 7 27, 5. 7· VI, 20, 7
27, 9 11, 57, 6

27, 17 1, 1, 5

