604 mnssx Loconmt.

DIDASCALIA. PsAm. consn'rtmom
VI, 23, 8 79, 2* Vl, 30, 9
81, 3 Π, 23, 4; 31, 3
81, 3 V, 19, 3
v, 14, 13 88, 43
VI, 18, 14 89, 4. 5
100, 1 11, 21, 9
102, 14 v, 7, 22
11, 56, 1 » 102, 19-21· 11, 56, 1
109, 14. 15 IV, 5, 2
105, 20 VI, 20, 6
108, 8 VI, 12, 1
108, 24 v, 20, 13
109, 1 VI, 3⁰, 9
109, 4 11, 27, 4
111, 3 11, 33, 2; 111, 4, 3
112, 3 vl, 23, 3
114, 7 VI, 30, 3
113, 3 Vl, 3ο, 3
115, 3 (15) v 8, 2
118, 1. 2 vl, 23, 7
118, 73 v 7, 22
127, 3. 4 VJ, 20, 5
129, 3. 4 11 13, 2
138, 5. 3. 13 V, 7, 22
138, 21. 22 vl, 18, 3
140· 11 59, 2
140, 4 11, 30, 3
140, 5 lv, 8, 2
144, 13 rv, 5, 2
144, 17 v 7, 24
145, 7 IV, 5, 1
145, 9 lv, 5, 4
11, 56, 1 148, 11-13* 11 33, 1
Pnovmu.
1, 8 11, 3, 13
11, 33, 7; IV, 9, 1 3, 9 11, 33, 7
3, 9. 10 lv, 9, 1
3, 28 vx, 15, 3
1, 7, 13-13 3, 1-14
3, 3. 4 1, 7, 3
3, 11-14 1, 7, 10
3, 18. 19 v1, 29, 2
11, 14, 7 3, 22 11, 14, 10
3, 2 11, 42, 5

