mnax Locomm. 605

DIDASCALIA. nomam. CONSTITUTIONES.
11, 66, 2-4 6, 6-11 11, 63, 2-4
111, ιι, 6 6, 6
11, 49, 2 6, 14
IV, 6, 4 6, 17·
vl, 21, 1 6, 22 V1, 27, 1
1, 7, 2-12 7, 1-27
7,1. -ι6.21.22. 26 1. 7, 2-7. 9
7, ιι· n1, 6, 4; 7, 6
Ι, 8, 1 8, 20 1, 8, 1
6, 22-26 v, 2ο, 9
9 1 V, 20, 9
1, 6, 22-24 9, 16-16
9, 16 1, 7, 9
ιο, 7 'v, 6, 2; 9, 1; Vl, 60, 6
111, ιι, 2 ιο, 16 111, 16, 2
ιι, 4 lv, 4, 2
ιι, ιι· 11, 46, 2
1, 6, 21 ιι, 22 1, 6, 21
ιι, 26 11, 66, 2
11, 64, 6 ιι, 26. 26
11, 26 11, 64, 6
1, 6, 21 12, 4 1, 6, 21
12, ιι 11, 66, 6
11, 66, 2 ι2, 26 11, 66, 2
16, 2ο vl, 18, 6
lv, 11, 6 16, 24 1v, ιι, 6
14, 1 1, 6, 16
14, 6 v, 9, ι
w, 14, 2 14, 12 Vl, 18, 2
14, 29 11, 40, 3
14, 69 11, 66, 2
11, 6, 2 16, 1 11, 6, 2
ιν 6, 6 16, ιτ
16, 6 11, 96, 2; 111, 4, 7
17, 16 lv, 6, 6
1, 6, 19 16, 6 1, 6, 19
16, 22 Vl, 14, 4
19, 16 vl, 26, 6
v1, 12, 2 19, 14 vt, 14, 6; 26, 6
19, 17 111, 4, 9
19, 16 JV, 11, 2
19, 24 11, 4, 4; 66, 6
V, 9, 6 2ο, 9 11, 18, 6
lv, 6, 6 2ο, ιο. 26· 1v, 6, 6

1, 2, 2 2ο, 22 1, 2, 2

