mnnx mconux. 617

scALlA. Luem. CONSTITUTIONES.
18, 8 Vl, 13, 9
19, 2· vl, 9, 1
19, 10 11, 20, 10
19, 41. 44 v, 14, 20
19, 46
20, 25 ΙΙ, 46, 1
2ο, 38 vl, 30, 4
21, 18. 19 v, 7, 3
22, 19 v, 19, 7
22, 31. 32 Vl, 5, 7
22, 34. 39. 42 V, 14, 6. 7. 3
12, 4ο v, 6, 6
23, 2 v, 14, 9. 11
23, 21 V, 14, 12
23, 33 v, 14, 15
Ἰ, 14, 6 23, 34 11, 16, 1; V, 14, 17
23, 46 V, 6, 93 14, 17
24, 18· v, 14, 19
10Amuzs.
1 1· vx, 11, 10
1, 9 V, 16, 6
2, 3-11· V, 7, 28
3, 2 3 5 11, 26, 43 33, 23 VI, 15, 5
3, 16 11, 55, 2
6, 36 V, 20, 13
5· V, 7, 12
5, 25 v, 7, 11
5, 39. 46 - 11, 5, 5
6, 27. 29 11, 60, 7
6, 4ο· 11, 56, 2
6, 41—67·
6, 67 Vl, 22, 1
7, 24 11, 37, 1
3, 3-10· 11, 24, 6
3, 11 11, 24, 6
8, 17 111, 20, 1
3, 44· 11, 21, 3; 27, 2
9, 1-7· V, 7, 27
10, 11. 12 11, 20, 6
11· V, 7, 12
11, 25 V, 7, 9
11, 48 VI, 24, 2
12, 6· V, 14, 2

12, 13·

