Ηῦ-ίὶ-ίῌ

-0-1 J* '⁶

55555

..ἱ-θ

11, 36, 3
Inscr.

wstssz

11, 18, 8; 88, 2; 64, 4

{2⁸
wast
naza
mmm
11‚88‚1
anz
flua
ιιι 7,2
usta&
uma

Φ

1, 1;11,oe, 83 89,4

mmzx Locomm.

nummus·

10, 28
10,. 82

10, 38

10, 37-39
10, 89

11, 15

11, 28

11, 28-80
11, 30·
12, 10·
12, 80

12, 81

12, 81. 82
12, 82

12, 86. 87
12, 40

12, 48-45
18, 9

18, 14-16
18, 16

18, 81·
18, 56

14, 17—21·

15, 8

15, 18*
16, 6

16, 14·
16, 19

16, 24

16, 26

17, 8-10·

17, 24—27·

18, 6
18, 7
18. 10
18, 12. 18
18, 14
18, 15. 16
18, 16
18, 17
18, 18
18, 19
18, 21. 22
18, 22
19, 4

613

CONSTITUTIONES.

Inscr.
V, 14, 19
VI, 22, 1

ῑςε
Ἡμαι

11, 46, 13 V, 7, 28

Π, 10, 1

Ι, 8, 6; ΙΙ, 10, 1

ηωμ
mmm
11, 14, 11
moestst

1, 1, 1311,88‚8; 89,4

11, 11, 2

11, 46, 5
11, 58, 7
VI, 28, 1

