mnu vocnnmnuu.

οωὸρητος 1, 10, 4.

ς 7, 18, 1.

,σος ss, 22, 5. 7.

ον 711, 29, 1.

ὀπηξ 71, 18, 2, 18, 4.

ως 11,25,5; 85,4-7Π,87,8.
motivo 1, 8,8. 4. 6, 6, 9, 8, 18. 19
—— 11, 6, 18, 7, 1. 2, 9, 1.2, 10, 4.5,
11, 2, 12, 1. 8: 18, 1, 14, 8. 4. 5.
15. 18. 19, 15, 1. 2. 8, 16, 1. 2. 8,
17, 8. 5,18, 1.2. 5. 7, 20, 6. 7. 10;
21, 4. 6, 22, 1. 12. 18. 14, 28, 2,
24, 2. 8. 6, 88, 8, 41, 1. 5, 46,5,
47, 2, 50, 2. 8, 58, 2-IV, 11, 5
- 7, 7, 18 - 71, 6, 8,15, 6,17,2
-vu,35,1; 45 4-vm, 9,8.9;
12, 25, 47, 27.

tionum 11, 15, 4, 16, 2. 4, 48, 2. 8
- 71,28,2- 711, 6, 8,14,8-
Vm, 12, 89, 41, 2.

motta 1, 8,7,8,18-11,6,10. 12·
7,1,12,8,18,.;12 14,19;16,4,

17,4.6;18,2. 6. 6, 20, 4. 9.,11
21, 5. 6, 22, 9, 28,1 24,2.5
25, 7. 9. 10. 14. 15, 88, 2 8, 35, 1
8.4; 40,2; 41, 4, 48, 1; 58, 2. 6. 7
60,6;62,2-111,4,6.7, 18,1
17, 6, 2, 7, 1 - V, 8, 2;15, 4,
18, 7, 20, 19 — VI, 11, 4, 15, 8,
28, 2 —-· vll, 5, 8, 6, 1;12, 1,
87, 2, 89,4; 41,8, 42,2 8, 48, 4.5;
47, 8, 48, 2 - VIII, 1 10; 5, 7,
9, 4, 46, 7, 4, 52.

ιαρῐωλός Π, 12, 2, 18, 5, 21, 9,
22,12.1³; 24,5; 61, 1-1v, 6, 7,
s‚2—v, 14,8—v1‚18, 7-
711, 14, 8 - 7111, 9, 5. 8, 47, 52.
ιαχος 11, 1, 2.

:aliamve 11, 14, 8.

τέλεια 11, 17, 6 -- IV, 11, 5 —
vm, 46, 4.

:samoe 11, 26, 5 -- 111, 8,1-
71, 14, 8, 15, 1,16, 4 —- Vll, 26, 8,
80, 2, 88,2 - VIII, 4, 2, 5, 6.7,
ιο, 9; ιι, 4, 12, 43; 18, 3; 41,e;

643

ἆμεσίτευτος 711, 85, 9 -— VIII, 12, 7.

ἅμετανάνευστος 711, 85, 9.

ἅμετανόητος 11, 41, 9 - 71, 18, 1.

ἀμετάπειστος V, 8, 2.

α’μετάπιστος 711, 85, 10,

ἀμέτρητος 11, 22, 12.

ἀμετρία 11, 40, 8 -- 71, 28, 2 -
VII, 6, 8.

ἄμετρος 11, 45,8—v, lost—VI, 20, 6.

ἀμὴν 1, ι. 3 — 11, 14, 11;22,14—
111,⁷,s; 18,2—1V,6,4 -v,
6, ιο, 14, 2. 6- vl, 30, ιο -
vll, 24, 1, 25, 4, 27, 2, 88, 8, 45, 8,
46, 15, 48, 8, 49 -— VIII, 8, 2, 5, 8,
6, 18, 7, 8, 8, 5, 9, 10, 11, 6,
12, 27. 51; 18, 10. 11. 18. 15, 15,
5. 9, 16, 5, 18, 8, m, 2, 21, 4,
22, 4, 29, 3, 37, Β. 6, 38, 5, 89, 4,
40, 4, 41, 5. 8, 48, 3.

α’μητὸς II, 68, 2. 4.

ἅμμος vu, 33, 4; 35, 2 —v111,12,13.

α’μνήστευτος 7111, 47, 67.

ἀμνηστία 11, 12, 8.

3 ἀμνὸς 11, 15, 4 -- vu, 47, 8, 48, 2.
. ἀμοιβὴ 11, 52, 2. “
; α’μόλυντος 111, 7, 6 - vl, 11, 6.

ἄμπελος vl, 13, 2; 28, 5.

ἀμπελών 1 inser. — 11, 15, 4 -- 7,
16, 9 —- VI, 5, 2. 8, 18, 4.

ἀμύητος 11, 57, 21 -— VII, 25, 5. 6,
39, 1 — VIII, 84, 11.

ἄμυνα 11, 52, 1 -V1‚23, 2- vu, 2, 4.

ἆμφιασμὸς 11, 25, 1.

α’μφὶβιος 7Π, 84, 5.

α’μφιέννυμι IV, 9, 2.

ἄμωμος 11, 8, 1, 20, 4. 10; 25, 9,
37, 2; 57, 1; 61, 5 -— 111, 19, 1 —
VI, 19, 2, 28, 7 -· VII, 47, 3, 48, 2
- VIII, 12, 86, 15, 4, 16, 5.

ἅναβίωσις 711, 82, 8.

ἄναγεννάω Π,·26, 4, 88, 2.

α’ναγὲννησις VIII, 8, 5.

ἀναγινώσκω 1, 5, 2, 6, 7 - II, 18, ὅ,
26,3; 57,5.7.8; 58, 4 --· 111, Ί,7
—V,16,3;19,3;20,3-VI,80,4
— vm, 22, 3. 43 34, ιο.

