Dm.

9.

1.

2

111an moonmt.

⁹* ⁹}

,999ἓὲ393ῧέθὲἓὲ
fl?
μ
ω

οισοοιμ-ιως-μιος-

⁸¹5·
a
Φ

2
11, 6
17, 26. 27
17, 44. 45
18, 8
2ο, 7·

21, 18. 17. 19
21, 28. 29
28, 1

25, 4. 5

26, 12

27, 8. 9

81, 1, 2

36, 16

40, 2

40, 11

44, 1. 4—6. 8
49, 8—14?
49, 9. 12-14
49, 12

49, 18·

60, 6

50, 11-13. 14
50, 12. 19
62·

62, 11 ⁴

67, 6

67, 16. 17
67, 18

67, 34

66, 22

68, 34

73, 4. 6

76, 19

603

CONsTlTuTIONES.
11, 61, 1
VI, 23, 6

V, 19, 5
11, 32, 3

V, 10, 1
11, 58, 2
11, 18, 2
11, 53, 6
111, 15, 3
V, 19, 6
11, 44, 1
V, 16, 10
Vl, 19, 2

V, 14, 10. 12. 15
Vl, 12, 8

11, 61, 1
V, 14, 12
11, 57, 20

IV, 6, 7
11, 4, 8; 111, 4, 7
V, 19, 6
V, 20, 8

Vl, 22, 4
VI, 20, 5
VI, 16, 6

II, 41, 4

VI, 22, ὃ

11, 69, 2

V, 13, 23 VI, 13, 8
IV, 1, 1

vl, 5, 3

V, 15, 3

11, 57, 14

v, 14, 16

V, 14, 21
ll, 14, 1

