DIDASCALIA.

motx ιοοοκυι. 599

ιιΠΠ-ιουε. CONSTITUTIONES.
- 13, 15 11, 5, 2; 41, 3

13, 17 11, 53, 6

13, 13 11, 25, 3; v1, 23, 1

13, 26 11, 62, 2

13, 27 1, 3, 10. 11

2ο, ιο VI, 23, 4

2ο, 13 Vl, 23, 4

21, 5 1, 3, ιο

21, 14 vl, 17, 3

21, 17 11, 3, 1; v1, 23, 5

26, 23. 24

26, 27. 23 11, 44, 1

numam.

6, 24-26 11, 57, 13

11, 31* vl, 2ο, 6

12, 1. 3· vl, 1, 2

12, 2 vl, 2, 6

12, 3· , vl, 3, 1

12, 3 11, 32, 2

12, 14 11, 16, 3

14, 4 vl, 3, 2

16· 11, 10, 2; 27, 5; VI, 1, 2;
2, 2

16, 3 Vl, 2, 6

16, 13. 14 Vl, 2, 5

16, 15 VJ, 3, 2

16, 21. 26 Vl, 4, 3

16, 3ο·

16, 32. 33 ’ 11, 3, 2; VI, 3, 2

16, 34

16, 35

16, 37

16, 36-33

16, 33·

16, 33

17, 3· v, 7, 26 ,

13, 1 11, 18. 6; 25, 15

13, 1-32

13, 3-1ο; 12-21 11, 25, 16-17

13, 2ο· 11, 25, 6

13· v1, 27, 7

13, 10·

19, 11—18· vl, 30, 1

19, 16*

