mucx noconnu. 611

DIDASCALIA. Rzncmssl.. CONSTITUTIONES.
ll, 18, 9-21 34, 1--31
34, 2-5. 8. 10. 17- II, 18, 8-12
19. 80. 31
11, 25, 3 34, 3 11, 25, 3
11, 20, 8. 11; 21, 1 34, 4 Π, 20, 3. 11
11, 20, 3. 4. 5. 9 34, 16 11, 20, 3. 4. 5. 9
II, 19 . 34, 17 II, 19, 1
V, 7, 5 37, 1-14
37, 11. 12. 14 V, 7, 5
mmm..
2. 84 V, 20, 11
3· V, 6, 10
3. 6. 12· V, 7, 12
4, 24 111 4, 6
5, 23 v, 4, 1
7, 13. 14 V, 20, 11
10, 2. 3 V 20, 15
V, 7,3 12.2.3 V 7,3
V, 7, 23 12, 3· V, 7, 23
lI, 51, 2 13· Π, 37, 8; 49, 3 51 2
13, 48. 49 11, 51, 2
ιι, 22, 12-14 ORATIO HANASSIS. 11, 22. 12—14
ll, 23, 3 ? II, 23, 3
IV, 1, 2 Ρ IV, 1, 2
ΙΔΤΤΗΔΕΠΕ.
ΙΙΙ, 9, 2 3, 18· 111, 9, 2
V, 16, 2 4, 15. 16
4, 17 11, 55, l
V, 14, 22 5, 5
11, 1, 5-8 5, 5. 7. 8. 9 11, 1, 5-8
11, 46, 5 5, 9 ΙΙ, 46, 7
V, 3, 2 5, 11
11, 8, 1 5, 11. 12 11, 8, 1: V, 3, 2
11, 18. 7 5, 12· 11, 18, 7
Inser. 5, 13· Inscr.
11, 54, 4 5, 16·
1, 6, 10; Vl, ιε, ες 17, 1 5, 17 1, 6, 10
Vl, 15, 3. 4 5, 17. 18 Vl, 19, 3
5, 19 ΙΙ, 6, 6
II, 35, 1 5, 20 11, 35, 1
5, 21. 22· Vl, 23, 2
11, 32. 3; 53, 1 5, 22 H, 32, 3; 53, 1

39·

